17219
24222
28510
21974
36841
24816
32802
32463
40853
20318
21464
23844
40763
32596
30490
33100
26531
32440
26462
20356
35978
33179
20247
27130
38739
24373
22781
33860
23186
33881
32823
27850
27631
20864
23210
25097
38021
31548
32121
29865
31062
29228
31636
39750
22450
30857
20369
20332
37798
38470
39073
36606
27577
38950
30883
39164
34718
36324
20745
32092
20834
35882
21475
26207
24493
30879
22148
29490
38251
37236
21222
38422
23833
31359
35524
25758
27029
36454
31805
40094
33527
35622
38592
14542
38662
32999
34184
23890
31700
21069
28857
25536
36587
36287
38305
28856
20633
24604
36676
24503
37657
37738
25890
27370
31586
37257
40098
29389
28347
23587
21057
36131
21215
27481
38819
30395
25783
38621
21570
31354
24441
29634
32808
37396
34676
28516
37095
33484
29699
20196
22915
39429
40525
31783
39048
33776
27978
22372
28049
38237
36168
29671
20214
35170
21880
39498
27414
40701
39280
29428
31782
34901
38494
20316
27529
22684
32180
25243
21519
31932
32557
39198
35819
32507
30024
38404
33288
21878
26993
32437
32880
30187
24039
40480
26665
30275
20940
31602
26410
39955
23527
36208
26333
22490
27583
35938
34741
29275
26195
23307
37213
30634
20961
40672
30192
31001
30235
35183
36156
32790
24530
22079
33282
27099
32618
29437
21981
20365
25136
32496
30126
39313
36215
27645
24733
29786
40638
29001
40563
27547
28287
32172
27833
24927
40157
29232
25945
33713
33451
36741
29390
27939
30450
27796
21876
28580
21595
33039
23439
38207
25528
36939
40599
33313
27971
39056
21059
23822
37365
30117
23899
29360
32838
34136
29577
24066
28525
28552
37193
38728
34581
39753
35749
24793
27783
25763
29815
39249
26925
31407
30415
21499
21378
31072
26011
21667
38896
31692
36517
29461
21622
22014
30457
23663
32725
21387
31364
11912
21356
24779
28678
34549
35810
21295
40667
35832
38597
34129
25380
37370
32942
28193
26177
32123
33587
29662
39893
31526
28940
21484
34276
29668
31234
29956
26133
36100
38097
29129
21195
40551
32594
31557
29494
34821
30624
34884
30442
23735
28024
32523
21961
40793
34510
27696
28137
31068
40080
20599
20274
35673
26530
20572
26397
37226
27705
23305
35074
24576
32633
26954
21345
35746
36406
38433
25086
30701
29367
24656
20123
30386
25179
21808
23528
39764
21711
21351
28044
24509
38504
30922
24300
29468
38154
35518
23395
21467
22073
32475
25305
29522
31360
29272
38152
36604
20285
30418
30829
38132
37092
23020
39293
32788
21586
35068
20486
28399
32481
37306
39776
33342
24448
33073
28120
30133
31559
30343
36646
40702
26999
36496
33251
21644
22661
33643
40674
33154
33107
20801
40635
36965
39289
34258
35955
25410
29647
33482
27966
40223
20621
29433
26916
37834
30354
25615
37195
23609
25847
26680
20915
38584
36018
23653
23796
39673
35244
24579
27563
21892
38123
32085
27781
38582
33137
33698
34809
30844
21150
26696
40535
39727
25654
22570
36779
38661
39576
33831
30083
34193
39915
24049
29795
27317
30201
26332
40097
25457
26792
23250
36708
39274
30247
23389
34542
38366
21139
37013
38485
27308
27825
30917
36171
20526
33225
21643
20731
28526
31287
33694
31576
21421
35847
33929
20179
40063
34900
29401
26348
29764
38119
38117
38239
36280
21147
32321
25972
21578
20184
22433
40059
32895
33553
36213
39525
26087
30871
36868
38014
21360
35987
36807
11955
26487
21780
37406
38224
29926
31292
21389
22846
29177
32899
38421
33740
35492
38737
24246
36874
39262
20155
34428
36028
23707
22771
24318
38886
39589
24717
38296
39591
32104
22943
40583
21556
37801
31544
23681
31751
21073
33580
27728
23519
20852
36416
31061
36349
29426
34546
30520
36740
24429
24132
21151
32466
40284
31616
40139
27835
29549
34903
24658
22278
32091
22334
35805
23805
25592
38834
27950
38105
28463
40255
25590
32551
31629
23975
31353
34170
28784
34905
21153
31839
21359
23561
36523
21845
23377
31579
22908
36299
25973
31174
20185
23052
30305
38757
38539
27193
30720
20625
20892
33659
39500
22072
36426
29305
31722
24155
25991
35271
38389
35766
29254
35410
24268
36562
23383
35841
38398
27798
36101
31496
24931
35313
25962
27544
28500
27013
39556
33729
35542
26797
20711
26543
32504
34115
40115
30737
30609
28065
26829
20899
35877
33722
21557
36332
40219
37780
26262
28538
21164
26361
23452
22266
31558
21015
33067
21431
36185
22411
32929
24052
25235
39267
20113
28138
20478
21097
31308
35738
36923
38532
26623
23014
35290
27585
22419
24785
36522
38634
36655
27663
33058
27610
29392
29993
25240
21666
25955
36731
21777
37103
26371
20111
29807
33455
38174
31925
22696
33841
23704
24938
21010
26772
25422
24051
27900
24555
21526
35794
30738
35918
21870
39165
21823
36196
29862
31918
21518
40657
28851
39287
23388
36040
28458
37016
36820
23047
20710
36161
40095
26179
30115
22456
22645
29923
21852
34568
22075
35627
27451
21461
35797
24748
38025
26269
38116
38658
25530
37040
23612
32660
31546
27539
36670
40526
23318
34835
34554
35286
21787
38395
25514
22366
32941
30703
40056
36808
25935
20203
22649
23110
29368
31753
23384
37723
35977
40005
26379
32741
21019
28780
38065
25684
22522
31833
22225
21214
37832
27192
36314
24365
33308
33576
40361
23564
20666
29702
25749
32005
21506
26085
22737
36074
33325
33453
20116
40554
40344
21950
30091
38577
28149
36703
23380
34045
24726
31077
24617
21158
22343
28070
20110
40723
36924
28511
25787
32028
37061
34013
20294
26095
22856
22447
39524
21886
38029
22616
27082
40342
21747
39317
40035
31755
27650
28248
39066
29182
22849
25958
31348
21338
27516
38215
22140
30054
32548
27908
24179
35691
24161
21734
32581
21130
34395
33492
38194
38580
32516
40131
35128
34869
39509
30272
38258
33030
29852
26771
38332
20896
34876
38671
37129
36678
21412
32495
24535
35878
26406
28937
20358
39173
38067
21704
26755
30729
38036
38073
32367
35331
20295
39059
25286
31435
37085
40555
39214
29233
33618
37301
23423
27320
21555
24178
32251
34732
23404
20681
29971
32295
37075
24086
40759
34212
30528
30691
21476
27665
24296
35124
38960
29951
34227
22922
24230
22374
28766
35516
28950
29043
25836
25401
33499
28385
29211
35589
31069
38604
25825
37554
35782
22280
21205
32508
32266
32026
20605
33078
20255
27323
18188
27981
39543
24868
29427
24366
33290
25669
32957
23004
36842
37580
35311
37385
28557
27514
32458
39770
29066
23348
34083
35441
39292
38046
37266
23467
30535
35846
32646
34946
37586
38249
22867
20007
26444
35635
40639
24377
28218
36387
36756
28326
36944
38411
20522
31868
34085
29006
23092
25773
31550
29226
30544
21317
23996
39307
31432
27562
23621
33034
29050
20689
34520
20497
37084
38512
37015
36652
29591
24249
32753
31167
24337
35764
23525
33145
35880
32850
31142
38918
34734
40103
25842
38081
35888
26514
38753
36947
22687
30358
19996
24977
31130
32511
40081
22948
23688
30242
20791
26612
31706
24774
25353
39850
23085
23267
20039
36174
36398
32924
25551
25010
35774
34996
38107
26140
31481
23879
28367
30562
36836
27667
37057
39601
21173
35438
21715
31896
21775
36193
25487
31568
24661
39515
37504
39985
37071
31235
33368
20114
35712
32416
39663
25014
27036
22959
22659
34503
30740
20363
33469
24196
20769
29906
35200
32034
34268
37117
35548
35059
23828
27449
34733
32491
36951
29995
40058
39560
19984
25315
27611
38175
24925
21309
21379
28390
30556
32845
25802
20018
31283
33934
25511
33184
23200
31449
39043
28508
25239
33071
33457
26561
25303
39019
39186
29151
24186
26787
37804
32951
20859
22118
38315
20928
39541
36730
22654
40134
36999
39046
24013
26635
33433
24541
31607
24551
24860
34330
24763
23702
21109
22754
36007
22471
26330
20861
30096
23811
38397
32469
31227
37032
33136
33279
30529
37138
24508
37956
35975
28748
26570
40765
28487
28102
26624
38262
21083
22889
37214
40643
27092
38124
24910
28003
31806
32716
32688
22100
40556
22218
21271
32510
29825
25796
33609
20634
31867
39309
39761
29677
40472
40000
35208
20245
40717
26187
21589
24101
22538
31740
24407
24089
40141
25803
22296
39638
33275
23398
25597
31520
40483
26552
36234
29571
36036
24980
21363
40407
23478
26441
22810
33809
40664
33094
36664
38480
34137
25055
21047
27305
32597
27861
33012
38122
25150
28155
27446
20446
22545
36555
31319
33320
36895
36840
40194
27817
38425
32068
28378
27730
37260
40065
21218
24184
34454
22576
25619
25417
27396
25250
36995
30141
37159
31959
27889
21306
23529
26751
25386
31186
20044
34586
30008
38047
40860
29227
32997
30462
26691
28014
38742
34154
33485
20162
33486
20973
29343
36410
36032
36757
38275
21515
24797
20210
36092
38827
31686
30414
30806
38920
20984
24951
29197
36165
32244
40488
23729
26848
27225
20504
22275
35268
20256
34851
27701
31428
38624
34512
26141
32896
38968
38675
24533
36914
29983
38622
33909
39001
35273
20139
28693
30372
22331
35754
38479
35817
20841
33928
24293
21840
30016
26707
28349
33910
40533
30643
27108
23033
28431
29560
37428
32809
22432
38062
26675
33589
38141
39599
35299
22420
23453
39633
23435
31232
28150
20817
28212
37027
25874
24033
22931
25329
24808
35791
31462
24401
29191
22002
27178
35355
29286
37445
27686
20081
37411
21043
26027
24133
27531
21908
33150
30502
39698
40889
22390
23546
20133
25064
28201
24055
39053
33407
21220
31933
34978
21932
26522
38797
26164
32601
36184
23445
37155
33110
23494
28129
39502
27103
38388
24677
28029
36335
28189
27888
36882
29123
40367
33266
40431
25277
40111
21259
28293
30784
28916
25077
36766
28879
25612
40699
32239
37142
28383
22468
30213
27169
39446
27377
40547
37168
28322
29242
32937
31914
38056
31639
27770
32616
24088
28617
29424
20552
22844
38151
33988
38750
31238
25442
25194
22439
33218
13665
33176
36491
29141
27862
37259
36843
34574
39316
32650
39621
29281
34558
20742
32433
32652
27515
22613
32537
26492
21756
22827
24744
26740
34606
22445
39684
30306
36273
22605
26007
30137
38556
23651
38070
23221
31079
22391
36039
27355
25087
31611
38225
35813
26507
21165
36118
24832
32544
27893
26702
30473
22043
39720
39034
36681
23743
38134
20263
26356
21085
33274
24046
28354
29028
36166
27450
35443
34711
20718
22478
35014
40020
38914
37079
40060
27197
35730
33557
29967
26092
35269
20126
28527
38385
27063
25824
23048
23769
27752
25214
20375
29450
31177
34786
36695
38035
24330
38110
34328
25562
26928
38822
30517
23059
30636
24683
36524
23043
36988
36328
25865
22918
36547
37811
40085
37775
23125
25259
39182
36817
37294
24400
21050
20393
35833
39768
32513
22396
39748
19982
24703
28528
23500
25247
21624
32480
25151
20795
26503
24351
26399
32985
24939
22042
39272
26364
22520
32856
32353
24904
35362
33016
31601
38537
11917
20995
25475
21802
26451
34647
23252
27524
24489
32233
30130
21009
28100
34850
31118
21076
34259
30316
36856
30876
36042
21343
24822
21796
38394
26472
39050
22291
21919
26166
34942
35380
35646
33943
38450
40617
27927
26479
32025
20183
31922
30331
33633
39029
35004
26608
29454
32781
23919
40101
24065
23831
27566
20241
25545
31966
22251
21696
34104
34217
23526
28448
40251
31197
35359
36667
20059
20061
38907
33310
28729
28015
37653
34032
40159
30828
33436
34980
37007
34068
38096
31528
22914
38605
27839
36877
26209
26447
39306
33948
21636
25772
31454
36460
32338
37502
26017
20307
27428
29496
35584
33050
29733
36367
26411
28243
35781
33278
23046
31825
35864
36104
25569
30977
39540
28054
26783
21463
26643
36989
29711
27058
39627
33583
38383
33139
20694
21122
32227
34906
28947
27674
24328
33400
30764
28121
35307
31165
40032
26997
27832
28375
22300
35860
21258
21055
28452
22768
38169
26059
39628
33392
24417
31605
22108
24853
24458
27664
21281
26249
31968
31361
31494
38191
27581
33784
34767
36760
32424
21593
37806
34180
34924
40504
38460
29071
34962
38126
21877
33244
26143
39391
37118
39180
32020
40544
31125
39590
20296
31395
35419
36148
33248
29619
34797
33630
35756
37197
31434
36394
38454
23041
23660
38216
31900
28353
21346
30452
34364
30294
31820
29682
24845
20943
34015
34241
33328
27870
36149
23940
25840
33418
33337
32549
35320
21209
20016
28177
35264
40482
26738
32560
20511
35342
22916
30867
24128
25154
30264
39569
38517
38127
31189
21381
27712
21765
27973
38212
20052
30603
40144
39185
40384
29783
35948
26705
36556
33311
21305
31237
29165
34787
36712
39449
28792
30881
23846
24841
25165
21943
33423
25269
20303
26342
23450
32820
24811
25103
32534
33470
36476
36510
34573
30031
35852
37969
21757
36401
20649
30186
20415
34028
25718
27001
25101
29756
27284
38593
22535
25114
24069
20107
21037
29942
36389
22942
35914
36489
21513
38135
39131
30307
26970
24596
40869
32283
38178
28276
23195
36417
26081
20843
23991
31627
23781
25082
38339
27227
39376
37610
38234
25155
31041
33953
39729
40167
27231
33261
38780
38940
36727
35916
36194
27083
40801
30292
27690
39612
29645
20986
22184
33390
38612
38028
39126
11950
22482
24402
28244
33081
33539
23869
35748
21677
35328
32552
25898
22581
24986
38586
21095
24537
27047
27751
33563
21957
20985
21657
24192
40529
30897
38177
27670
29481
35408
31418
33267
32807
24213
34074
32173
30333
27035
24935
25306
33821
32882
23100
28908
32905
40513
23614
20687
39130
22561
35885
30220
23408
28101
37225
22093
32901
24731
28865
22044
33656
32705
21399
30910
30388
26837
32326
27801
37347
25915
38891
28581
30259
29484
40070
24521
20182
25975
28205
26588
34949
38414
36077
36499
26982
24697
33696
28836
34474
39077
38555
28139
22242
26681
32687
39184
20325
24906
23642
21988
34593
35980
26946
39894
31492
25387
31040
29451
32993
32456
38136
21697
38533
35547
38068
23678
28751
21896
25342
27955
24813
40807
27773
21274
22349
34444
20035
33026
40594
22791
29585
39230
32218
36717
34685
33277
35279
25672
22427
32676
31404
24426
38684
31844
28572
24079
33617
39706
37986
31687
20447
21397
38259
30098
26345
23064
20204
23751
15556
30332
32129
39078
23978
35963
27655
36035
28828
40298
40524
32242
26526
24613
26609
31264
30511
36829
25496
32110
35947
30605
29048
33504
28760
26875
25735
32545
20238
24536
26088
26156
30505
22235
22062
35057
30770
33848
24050
26634
32517
36713
40579
23254
25100
25462
21182
27597
33483
36225
22721
30427
21754
25517
33348
24867
28267
22217
34728
29590
23281
23072
23456
24561
37439
31515
34360
38182
32887
21416
21510
21879
28903
34837
25784
26692
26550
30599
25317
21169
21939
21327
24103
33437
34516
21736
30033
30722
22904
24958
35834
39255
39548
22666
21316
38761
39348
24459
30777
34780
36764
27159
28976
26413
33432
21505
36750
20387
33793
27841
30693
22642
27463
34309
36190
34496
28037
38428
30928
31645
24571
20360
25173
21521
28404
34144
28847
34022
24765
22196
32719
29694
24120
40859
24110
29287
21738
32311
21462
26814
33725
29431
26274
20811
34146
38342
30042
30030
40492
31171
22263
29994
35912
38072
32925
25781
40303
28153
38146
21402
25443
20799
28507
32501
24057
32490
20671
33716
30631
24062
22982
33419
25373
22479
32565
30102
34297
32323
26578
35869
31373
25138
38220
32299
23782
36170
36726
35662
33603
23045
26673
24473
20480
25628
28442
22882
25705
23842
31665
33160
25287
22149
33104
22112
39544
23604
38253
39759
22859
23997
21843
38185
27599
23901
27060
37251
31461
28134
24643
36538
25486
37319
22435
40230
21899
25132
20193
24950
38007
28651
27268
25616
23071
29241
36157
21040
37532
23619
35891
36956
29425
31632
31339
20355
27777
21326
34779
32629
25919
38416
37566
30246
30315
23582
21211
31448
22514
25381
39971
24778
25109
27588
39582
34120
20570
32805
34298
25893
33703
20840
33770
29145
22958
24685
25059
29986
31581
32982
28061
30561
25062
35433
32350
32361
37885
35913
21347
35559
27530
23573
36855
32543
34537
21348
22303
20456
36527
36825
28386
20002
39714
30116
21866
34735
27874
23504
39027
24603
25215
31146
38468
34442
30570
36423
40575
20632
26062
36530
36037
38924
40329
29074
31923
30258
22047
40495
29483
20006
24956
37686
36946
27249
28951
33830
21032
40538
30250
23607
20956
32625
29300
20661
33673
40814
22318
32920
28618
22772
21482
36738
25120
21978
21776
39586
31672
20881
22210
36918
29997
24435
21488
21243
38567
38187
36955
24085
36802
22947
22191
32341
35876
32992
21833
32772
30053
33705
29527
28598
26494
33412
36557
21716
36189
39906
37650
23696
24625
36804
29563
39028
37009
24636
23673
30073
29432
22635
29916
37449
38061
29310
22314
34920
26161
21676
38738
32742
29730
26096
33706
32500
27845
27883
34690
35762
23472
20165
26847
22969
24118
35195
21983
40587
24864
20237
34500
26157
38678
32986
20180
27836
34164
20747
25102
27513
21688
28771
24548
26641
39470
31821
20305
21206
24371
38088
28902
34016
27194
24414
33669
23454
34526
25474
32962
33536
31893
23741
35858
22329
38200
29376
22055
20329
37318
37970
40505
20141
21554
37145
37858
39172
20430
20101
24022
32386
38289
27943
33636
35945
35575
39699
40632
24942
39063
22346
30233
40890
25320
21672
28888
40112
20098
39995
39488
21947
30374
36179
30697
28657
39336
25623
31059
38201
34079
31034
35242
39243
35960
40069
25482
35929
40511
25855
22874
35531
26575
37330
36058
30604
33302
34231
36963
25125
20846
39045
33375
39573
30501
33155
38415
23372
24565
33894
36127
22850
29346
28548
20320
21170
38541
31272
24278
33647
20445
39532
38356
40447
30839
35803
39036
23637
38936
33804
23838
22618
40087
24802
25488
27882
40403
20596
21478
35871
35724
22081
29327
37017
33575
35203
20394
30885
26112
30590
23575
35703
38795
33951
29325
20976
25778
23524
35412
33707
22774
30865
27427
24224
31777
29351
19721
27811
25745
34826
20693
30011
34914
23576
27234
38452
30129
20964
23847
25327
23792
33735
33167
31537
23825
22766
40392
21553
40441
40496
30232
38203
25630
24158
24140
37261
36009
39895
33247
27384
26912
35624
20893
33395
23258
35206
26185
32559
38133
25622
37997
35349
31563
34310
36920
34762
33129
32827
32631
25115
36864
30805
23485
22220
31524
28644
20677
34004
37275
33018
38892
32831
39469
32862
32177
39557
32502
38520
34060
40179
34264
21894
38430
40372
32722
25658
32527
21439
25249
25282
30913
25429
26592
37283
21038
25506
31012
32488
20089
30906
20011
32318
38929
36049
20060
33491
31684
20923
36404
29744
26302
32987
30044
35785
23285
38085
38717
32156
25070
20440
40835
22137
23815
25664
31609
33995
27987
26517
39087
26544
35747
28844
23860
39341
20086
30610
25324
21269
28357
32426
39208
36034
36626
35335
32088
32060
38686
23762
27100
27819
40084
37683
36062
24736
32959
27944
30525
25441
22657
30758
24534
23786
32886
26597
29557
24709
32538
35942
20509
36241
38316
23713
39616
33146
25703
40339
31168
31046
40607
39260
35872
36671
20934
38000
39757
33720
25520
33531
33465
38043
30591
20738
25688
31388
22121
35821
29237
24214
40637
24525
39580
35010
23002
37039
27986
22323
24581
31859
23319
21494
20254
32222
33202
23104
38044
25950
38202
39519
28799
26790
35558
36451
25884
20302
38472
31185
25203
39085
29502
25134
22116
35065
20136
33640
33393
40654
34234
27930
23230
28187
28925
30166
20045
33581
21119
22744
27135
25505
37467
24415
24063
37177
21809
39297
35140
38140
37323
38236
39064
21481
37131
37571
29458
30340
29369
21280
35278
32671
34399
22539
33426
38449
23567
24812
28092
26251
19997
39013
33738
32196
32011
20994
35751
37624
25851
23703
40810
26886
32900
32550
36785
33151
21745
29180
20547
38042
22165
32514
24237
21367
32600
31204
40118
33865
22487
24444
38091
32436
35843
39493
20135
35798
32415
38053
32057
35469
21930
24574
25765
25797
34490
23035
21668
23049
24188
26563
31381
33559
27490
30066
39546
29399
30682
37219
26964
38252
39592
32419
33384
30009
22805
37414
31262
22790
31961
30787
34282
40848
39568
32529
28122
21592
23156
38080
32489
29627
34388
22395
32874
36801
38312
23724
26586
40075
33785
27008
37063
21407
32558
24740
30300
32184
21307
39146
34513
20987
39514
25532
38196
23882
26352
21248
27826
26124
39584
32928
15118
30675
38015
38074
24753
33985
34941
33789
29495
29441
23130
21989
35807
26524
38108
36146
35802
38387
31895
35056
31649
33276
25722
21774
31067
36763
40089
21903
23572
25750
20190
29987
26066
36798
25079
33600
30431
21587
33620
24742
21648
29020
22833
30168
23551
31561
38221
26743
33284
36024
26071
33550
40845
25791
35435
39394
22518
34955
21418
23402
36175
31203
23018
31654
32160
28317
33339
23755
20159
24971
29788
32432
26547
29854
30055
20349
30309
40738
25943
25523
35400
39879
33211
21152
28907
38402
35657
33756
31525
37564
36344
36837
27491
28286
22971
36603
23218
36050
21733
13357
20364
25644
33911
35442
21430
26132
33628
36198
39746
37206
35131
36742
30855
33627
31469
26753
20027
38893
38214
29379
30862
37194
33832
33287
23617
24949
38603
32522
36147
39071
29723
36172
31937
35017
21263
22381
26721
37678
25540
23628
36870
31224
32483
24894
23835
24669
37019
20372
25881
28798
37420
26408
27934
21137
24575
39905
39156
20492
25292
33327
33467
33970
25663
28396
28576
25681
20251
29036
40530
35340
25345
35370
38093
28641
35903
20319
27901
35874
21417
38030
37694
29943
20261
26415
25695
24800
25406
33542
31215
36051
35970
38410
25289
28553
25284
23400
39554
30032
30353
25140
24282
21128
26818
20603
36382
23965
36364
33529
35424
28654
23270
22388
22406
30779
20845
33127
23630
31721
20977
23273
36291
24198
36010
35598
34909
35233
20655
21448
35816
24283
39944
38500
38158
35757
21806
40067
21692
40564
33133
25481
22051
35529
34693
38094
20525
29357
25733
30285
21048
31921
32703
26974
26376
30342
21966
20122
37094
35576
24996
21726
33660
38163
24629
19990
30715
36323
23563
37616
31382
20341
32669
23943
28371
38048
25300
31064
37169
30047
24384
31014
25725
22716
35796
28237
39278
21971
32907
40595
36341
25293
40669
23731
37293
38326
30554
39881
22796
30484
29053
24257
30652
23562
30509
32051
40537
33210
24456
13630
20258
22348
27112
24187
37083
22077
26420
22307
38247
36064
29306
39688
20709
38086
30274
20374
38831
22151
20883
27722
39600
37329
22902
32313
38098
23624
38002
35734
38830
39347
26971
29229
34784
35997
14495
14703
38238
30568
20347
35032
23413
26216
28466
38167
20057
16140
33217
25670
27465
28952
27764
35350
27627
35122
24639
22935
21995
31621
31903
34847
34926
32768
24586
37292
26360
33280
34649
27161
35594
32524
35790
40380
34486
20698
27117
38789
27668
21465
29486
29781
26941
39570
21382
23411
35125
24440
25001
24870
31131
21136
29017
35588
33333
37521
27589
30152
20616
36544
25746
24151
23461
22237
31471
23700
32382
22467
34091
37245
32368
22199
20149
23391
20805
33879
34473
27902
34595
31531
29964
34505
39221
39998
40560
25558
21746
24480
20239
33489
39321
23447
22727
31799
23896
35265
30399
37003
36739
38310
30109
40055
26089
26280
22257
37043
25638
35829
32070
37340
40227
22890
38213
35804
30707
35826
27032
33334
31402
33505
36428
28639
31976
28818
28683
34382
30072
27941
30498
37559
26803
33590
20608
32286
31726
30746
38548
32421
27104
27993
33873
39192
20121
24443
36889
33353
25226
21646
40812
30898
32450
21000
38663
27683
27873
21058
24123
25171
34030
37021
20026
38263
32404
22158
28053
34615
35641
20505
36761
27359
21671
26698
32043
32399
38989
33958
20520
33715
20017
36474
28626
32442
37795
28006
20041
33714
23549
38590
36464
36618
36339
27837
33778
28998
23167
21191
29616
24601
27809
21270
22402
27504
29096
39725
31281
39661
35848
27713
38748
20876
25964
35820
32736
33853
32462
20813
38498
20047
28366
20889
20282
28040
20645
28363
22995
22281
36029
29761
37255
31858
34186
38614
30402
34107
40553
27347
30005
24408
26137
27698
34697
22602
24220
37984
32666
36506
38055
36728
23344
33391
35851
36926
34873
36943
35837
34134
34471
32961
35069
36759
39067
21934
31400
20023
26051
36754
35895
31192
34426
34223
31567
23492
36178
23077
39472
29809
39981
24335
25854
33215
32670
20390
34722
23631
21533
37479
26757
28342
23618
24209
22496
27315
30245
28082
29166
30000
29734
24796
28173
24030
34394
20421
30669
22362
23961
20170
32183
21637
35953
27803
20524
27846
34763
33509
24801
27521
24545
34612
20426
27498
32588
36470
29295
39315
33431
33806
24189
37321
29992
40572
32944
24191
23477
22987
39277
34731
26025
33626
30140
24749
40378
40527
38390
40569
36711
29808
26257
37274
22181
25447
27262
29587
28251
34701
36749
23044
27785
36162
21273
31573
20465
38413
38701
36482
33265
39060
30555
29771
20495
23626
26098
25554
33616
37972
32471
22383
32119
29420
34285
37550
24321
20993
23431
33556
24061
33222
40558
30147
27946
31485
36722
34106
36945
28183
35274
33216
30653
23959
38226
40274
35033
25563
27700
33214
35430
39020
25198
36318
30027
40844
23480
38143
31366
37987
34991
27424
34622
32796
19971
38607
28327
34191
36129
37528
36880
39286
37444
40502
36031
28558
30406
21435
21804
37561
21861
20839
29791
21537
21078
29277
27296
27287
40706
22024
38771
27964
24208
37615
23723
34865
29802
35538
32873
38990
25074
21283
30196
23803
21674
19989
35199
38642
28874
36776
34109
39747
33029
29416
31984
26816
25394
28611
22038
26865
22864
35779
21695
37170
27818
29354
27945
11927
26034
27675
29520
29602
20508
36139
26172
35167
39659
30125
38911
30202
32371
35814
27721
20250
25449
33632
25143
27185
39695
35881
38161
36192
27459
23376
30003
31908
38369
32963
24092
20174
20260
26870
26967
29935
28540
20132
31155
33203
14383
25377
39266
32021
28145
27292
25844
21867
37233
30338
28062
25602
20553
38922
39908
35780
29408
34833
35554
36012
34987
40153
33993
38283
29642
40102
27073
30113
25504
25220
21606
21451
38051
28711
35272
25273
39302
32990
21321
22941
40493
35480
24591
23913
40162
40300
33291
33226
21520
39040
35123
21084
20643
34383
33744
23274
23255
22636
33285
35862
31085
36153
38713
28407
31150
29827
21679
40273
37089
36932
31260
34216
23784
30422
38991
38497
34255
27748
39154
31787
21709
24367
38137
36461
20463
27166
31429
30149
23448
27012
20856
32494
33048
29492
28046
22826
33748
38492
27617
24875
35925
39024
22751
31574
26094
40037
35879
27784
33113
27953
24032
36913
38115
28859
31869
25808
32973
21293
31255
22016
39854
20960
22003
30127
30875
37066
40509
31047
40886
33803
40458
32518
28478
30439
23708
40660
26834
40478
21264
20873
33403
31161
28450
32690
24231
29172
31564
33646
30755
28640
30813
36953
36008
22953
33307
24064
24109
36993
25776
38128
38313
38601
27769
30394
26979
20982
38057
40756
40388
35105
20848
30350
33765
19981
20108
33537
36645
27028
34553
30518
30495
21029
23553
21334
26636
35301
38587
38915
23462
22560
27586
39303
14445
30686
27947
34485
31958
20031
34261
24814
33329
26876
24518
26045
30515
39275
38930
40143
30320
27762
36968
33727
24218
26551
33950
39281
36321
24724
34407
36455
36789
20869
36758
33120
32789
29247
29459
24131
39686
31246
29738
35839
22030
21914
34204
36887
37376
39752
33641
22836
36106
30721
21725
35961
30433
23721
24825
28384
35884
33977
24806
28781
17773
25376
28895
38060
22603
25022
27496
32178
38453
33670
20433
36405
31518
27575
29463
30749
34311
21368
28052
23403
25652
39149
24635
32455
35422
40503
20844
19985
32202
39041
27057
38142
21072
29274
39938
40082
27453
39125
33044
21830
36011
23849
36468
39745
34047
28108
21868
24807
21018
20351
26292
20957
25941
23650
39345
32459
27958
40125
22369
37982
34130
33046
39143
36142
32958
40623
29030
21441
26520
34181
22017
30041
30690
21380
27538
39635
24819
27425
21033
37046
39721
38417
39766
30050
35883
30355
20213
28025
24290
29551
36093
38173
25632
24623
23394
22353
20080
20389
39147
20013
35937
30640
36346
20874
39522
21888
23531
20202
29489
34921
39314
36276
33043
22839
27553
39151
38406
35836
24792
23536
38150
27365
30241
35823
24199
21242
29304
36173
21536
35425
25297
32786
36381
37210
22865
31291
31513
34157
29747
38643
24212
38089
24070
20855
36302
38210
32773
32556
24361
22134
38519
37217
21311
40318
30182
24651
32964
22363
35044
27791
28233
38162
26032
23416
27590
38189
32824
27929
21287
24680
20659
26224
26758
34412
40751
30193
36135
25160
20812
31038
28530
20828
20744
20606
26515
25252
39851
31957
27571
20857
24172
21160
29572
37437
33098
27021
26519
37548
28142
29477
26541
30768
25216
23574
27745
26943
39228
26855
26220
26336
34389
32221
32595
30796
24423
20037
32009
20169
25130
32531
32309
27468
24598
27838
20315
34006
33038
23629
37326
22893
21792
36229
33007
24107
29976
27635
38393
36290
20875
24922
31209
21659
36952
32609
33480
35609
34299
36705
38155
27278
33079
28921
38292
25332
27511
34631
23883
21471
34000
26159
25152
36294
39567
38063
24235
35043
28470
28246
31635
23244
24029
35082
30229
36677
38412
35672
23308
40725
38542
32553
39920
33562
36508
25279
39973
34362
25524
29548
22812
24005
27523
40486
36047
30700
39201
22612
25903
25818
25932
30157
20998
26194
36424
38902
32520
36466
30504
21458
40116
34862
24396
28514
24708
20716
21523
31119
28411
38704
31036
27584
22604
27931
35099
40822
22862
20866
24859
13356
28608
30921
24557
25438
25078
28234
26127
20500
35013
27311
25343
33296
39574
30007
30010
40761
21872
35850
22021
27596
28132
21980
22852
21794
27742
23005
20882
32460
36672
23256
28541
35825
31199
37389
38434
25242
34222
36330
38617
25509
33180
38099
22528
37051
35887
26421
33448
30227
33131
29002
35835
40275
25196
28369
25325
33109
26689
36821
30290
26028
40330
36611
36136
38082
25963
28330
28904
25402
22367
34678
38334
22379
28039
25805
20853
25361
32439
34943
22517
23458
36838
23162
38836
26799
31498
35137
32487
25611
40099
36357
29374
27952
24162
34171
29509
38901
34972
34233
26368
38982
26106
32573
25588
39511
35765
32852
30449
34799
20901
40506
24002
21046
23224
26601
25566
40105
20381
27607
27550
38854
29790
25645
28734
22500
37278
29615
18937
23323
32661
24394
36746
20336
23351
38230
20439
38396
26722
38420
38568
25015
22163
36685
21516
33240
26460
27167
37124
28068
27984
32718
31351
23142
26538
28860
20105
28096
28909
34196
38473
25256
39122
40695
39607
24036
38689
39068
22317
30162
29973
28207
34802
30251
39250
33463
23853
21568
26429
24568
26354
36720
20129
35292
25420
37799
30477
21480
36629
22816
21617
38503
20063
31416
35363
21155
25265
31709
29595
38041
37228
25379
39295
30990
30923
27138
32709
33508
30694
35097
20900
37434
30995
31759
22283
27979
31906
22894
38248
27489
13361
22351
27682
30596
36942
36130
30809
37573
29701
32098
39558
20935
20971
25996
34948
23429
21965
28469
20808
38948
23457
20117
32473
37324
32792
26080
27016
33718
33332
40377
30874
25601
40244
35769
25186
38112
35859
24190
35809
40117
22842
27985
26874
39181
27821
37108
24369
39588
34081
19992
35709
36151
40239
40199
22261
21304
20443
30663
21235
40545
27782
35610
39285
29990
22052
33396
38589
20806
26632
23615
26891
30078
32761
37733
24694
40715
39552
38075
24675
24666
33521
25902
24505
28846
30802
26805
38037
39749
40494
30171
34560
23777
21002
27141
23360
34601
23409
29190
27431
38525
22377
39301
39319
26286
25095
28392
32894
22122
24115
36409
38287
25613
11964
39052
38103
40687
25571
30932
23113
36831
22338
36928
30683
36076
33042
25358
35566
20513
32451
25351
24053
30270
21452
38561
22239
20228
25164
20134
21564
28294
28107
28064
32210
21828
20757
36716
33406
21985
33394
34892
36111
32007
39581
34218
32048
26313
33001
33148
38606
27543
38988
35890
32380
36958
33003
31713
36896
36383
36984
35091
29359
28319
33594
37205
30710
35166
21437
28944
27886
31756
35449
21786
35039
39914
27331
35498
34385
22767
38190
20613
22524
22806
36824
21053
24469
23544
37679
38466
24343
20721
26188
30178
24730
29164
31668
19980
20128
38358
22815
23610
39551
20743
28806
29029
40748
29491
21483
28000
40240
34547
24406
26688
20581
40379
25880
34152
31105
27483
24544
21185
32472
24789
40729
39587
26726
22006
26500
22179
22312
28136
34001
36755
22452
38706
26842
35120
31578
39300
29394
34696
20925
35028
40629
35607
24390
24266
21664
25928
35045
24743
19988
39715
31731
19976
35336
38027
24826
28204
26881
24347
20095
30111
25674
38329
32429
32403
34392
21591
27822
23493
37656
31257
25166
37962
22046
22715
20156
22270
28435
34796
36145
22130
21742
38461
40858
21588
40842
34506
36747
27084
37499
20597
23679
20405
30070
26465
35280
40023
34183
22955
20211
24472
34794
22799
32938
35060
34142
23661
34148
26230
21240
23622
21550
23363
32793
20102
39550
34133
32224
22920
27476
40778
21547
40796
21669
33402
34885
24465
31422
35733
37327
36275
22320
22764
33824
30105
29134
30209
23736
40516
35611
30620
38370
29608
38802
25302
36144
39562
22629
36830
40072
32806
26449
29406
22216
31289
35426
20837
22868
28389
25850
28263
36797
25321
27922
31980
23425
36594
30592
36627
40515
21693
32499
26289
40682
20301
38156
26485
33250
20796
24936
27875
27224
30169
31071
36500
27609
31970
29080
22952
22412
27766
20955
33752
22994
34345
32972
26729
33314
29835
35838
23748
22031
33502
34430
28180
29279
35973
27911
21208
31689
31569
28829
38013
25352
32653
20754
33922
38407
39479
22840
33300
27522
38031
35222
34544
36154
31881
21769
35473
39030
26973
24699
29742
26463
32680
37322
25042
25467
23566
39049
34902
35686
35663
33543
23780
26800
20648
38534
27849
21290
31181
27661
35172
21850
26720
39037
32570
36159
34343
27994
28451
28172
36751
22376
30087
20223
36180
20521
36090
29038
29314
38121
34752
38669
26389
26044
39578
30268
29918
28362
29385
33615
33405
24764
40364
21816
25088
21905
36805
29158
30322
21970
23396
23649
22525
20234
26932
26388
36331
20154
28864
35224
20225
26728
32927
36212
33456
21275
38471
35767
31539
31705
21857
20991
36361
34445
35873
20988
35215
22265
20740
34367
37507
39378
34899
24920
21670
25476
21604
37038
40288
21996
27243
29105
37002
35854
24163
26244
29601
36827
20907
28919
19999
21710
33134
39006
30775
27760
37240
20297
27998
39530
22007
32277
31967
26279
40440
23588
26686
35789
22804
39608
38034
36292
22830
25830
20070
35828
21358
21542
30028
26454
28638
34836
21068
22591
30571
26047
21928
38405
26151
20461
38665
40022
24243
29885
26589
34390
30860
25104
23608
27778
29026
30060
24794
40210
34461
36186
23916
29618
32547
20809
40574
40841
35482
29517
40857
38217
24380
26049
39933
32083
30271
29179
30827
24573
32363
32019
20012
32417
25512
40681
31117
28312
21661
36067
38931
40422
25110
40489
27122
38129
38442
34121
40120
39438
21652
34277
22294
25987
25298
14812
29245
28303
33464
29196
38649
21005
28192
34153
39853
21388
33369
36399
40128
38199
23475
27794
37466
21551
27641
21831
24322
39094
32696
21016
28681
39927
26781
30435
20167
25480
32465
28079
22580
40149
33425
27792
40479
33750
25841
29386
34443
25577
33292
32681
30545
29256
38515
33538
22718
38971
29893
27133
32216
34563
33144
38816
35768
26165
34434
24449
20981
25682
30174
18432
20163
22120
33289
30100
29294
33635
28364
31074
35018
36881
36019
38897
23620
21187
25276
26690
31456
23556
25176
24265
40823
32002
36745
32854
20043
24324
36782
37782
27815
21694
36244
21761
38475
25900
24428
36027
30103
28331
20506
20065
20723
26228
26748
30566
33511
21675
24682
36973
22132
22900
22050
21708
34188
38377
40703
24684
20049
32467
26685
21691
25004
29380
32948
39288
34524
29128
34957
38244
34819
29750
24847
26577
32008
34699
33370
24646
33540
11914
34429
33692
22834
23665
24260
35840
27573
23486
30456
27669
40536
37073
39799
27704
31098
21846
23223
28610
31352
29579
22117
20849
36890
30622
25219
20886
23534
22674
34849
21628
26536
24944
20807
20142
36169
20854
25163
23159
26222
38197
40863
30717
21200
26197
39758
40806
21342
27570
34281
21608
39848
28095
40697
40490
36767
20029
38484
30184
20979
40427
30611
34321
38505
26556
33500
25003
30403
26212
26414
31103
33059
36441
40498
35270
23854
28195
25413
21994
35266
31179
26898
23664
21385
23725
21813
35174
21611
28436
32189
38386
32422
26497
37231
13318
24838
38890
28176
38233
31070
28866
27977
30261
29004
21618
28128
28518
36784
32080
21395
39547
30021
27455
20652
21764
40521
39023
27872
40133
39032
32493
28476
24516
19998
37609
38071
25234
24913
26873
24809
30154
25937
27267
33281
20050
36177
24527
38999
30430
31691
25200
28849
36610
26539
36195
34349
32317
25642
20137
24359
38321
37011
21713
30079
30861
29632
21993
22159
30757
20674
21422
27595
26584
20878
37265
34643
38255
38171
24452
37282
37995
37351
40119
36284
40780
32535
21912
30468
21735
25828
33065
34472
35121
37787
35022
28085
25568
34570
34507
24619
32478
25507
33051
38446
29736
22350
25191
40018
22066
36125
36996
40517
32468
20898
22068
33983
34167
39654
25035
19994
38325
39553
36902
23521
24590
38379
27898
24159
29882
23094
29554
25034
26152
24148
36362
35889
38670
28143
26381
26329
21596
39110
26896
31397
21021
23158
37150
37045
35700
33000
25453
21496
24040
35844
33401
20324
21855
30780
29417
25033
20219
38599
13500
21107
27863
33704
20051
36138
32881
21123
30519
28720
38160
16381
30014
39549
39237
24264
30655
21839
22996
27779
20945
36930
25158
20736
30791
25253
34923
37060
22905
23992
40071
24679
29999
38256
32641
39405
34843
38077
37658
35294
19995
37912
37380
24041
36852
29640
28753
32628
30772
33054
36199
22169
25080
32006
21705
35795
20109
36490
34131
22541
38193
24327
29443
30405
34386
28491
34460
26023
27812
39271
38860
36875
35491
25721
37397
25209
20823
28051
35250
25925
27578
23589
38188
24681
20267
23265
27844
21729
22993
30413
31363
35693
39637
30800
22675
25968
28472
26272
36347
26535
33005
22028
33972
29474
30416
21522
33192
28479
31995
32485
26495
35772
33032
20523
28373
39361
37604
28696
26191
39253
30508
20911
35905
20005
34541
26126
33829
25032
37126
24274
26767
24320
34856
38957
22495
32763
35793
39273
26917
21443
22040
34108
35722
20020
35787
21721
30585
23476
39320
32264
38023
21917
25806
29088
38102
21493
35784
33074
34578
34798
31267
35398
23545
38536
38308
30526
30899
40450
28532
30424
20025
34569
36134
29785
32047
22405
23558
21329
34935
30382
27086
26613
29224
38144
38588
11916
32554
24080
39235
36345
29243
38222
24558
39129
27533
20831
40150
37682
24930
38131
24432
33331
32638
30471
35219
36060
39304
27580
33891
27709
26585
32580
33126
26679
29423
26862
31680
36917
34092
24245
20493
29255
32515
38153
29422
38620
28977
24331
32785
29447
29657
39089
21063
34036
21237
24403
33986
33724
23143
27163
27495
24962
40573
29032
34224
34993
32883
37664
21897
32411
35048
21163
40539
13496
22919
22615
20663
29864
30045
30074
25122
38400
39882
20171
34952
39340
39072
31401
22999
33315
24840
20865
35628
20888
39099
34326
40006
25366
21313
24580
23969
39055
34814
38695
21344
33011
33037
32918
25331
27602
32697
29042
20432
29289
26922
27606
27739
30236
22378
20115
39290
36002
25094
28790
32989
21719
32010
32536
24481
20280
33945
20147
35988
27091
25031
27462
20046
28228
23428
21548
28154
25812
31054
34990
40837
28297
38935
30318
21364
31293
35604
33605
30253
34584
35855
29140
23648
39128
36617
29748
26198
23022
36487
30124
23789
27470
35090
32464
25294
23067
25970
28861
35578
32453
33140
34747
27856
40832
25319
33416
19518
33852
29850
40628
37492
38286
21035
34381
23547
26700
26937
34067
28938
35026
21124
20208
28186
30887
20887
31505
27887
22963
25891
40519
35616
29022
35865
33588
20444
37247
27472
22913
40692
29260
39536
32974
22899
35760
35695
33336
35752
30194
39123
24466
21453
40636
37087
38808
30341
36485
34203
26015
38232
40491
25521
39279
20172
38627
22438
32308
24900
24517
25709
32932
33322
20010
31096
26631
29482
28797
28825
30933
38381
36777
39120
36228
35527
21489
28346
32097
35258
35800
31160
32533
33152
26657
20826
21411
21517
40713
24594
24494
21962
23149
36715
20094
20420
21089
40024
28198
29749
34758
33507
20467
26580
33008
20458
33355
26003
24827
38148
25169
26576
31590
34003
22553
28577
25497
32441
21700
21722
36637
27896
30908
25421
24311
29977
39993
34866
27010
39195
23219
28222
24605
23105
39711
36737
31302
25581
36315
40393
21501
22885
23229
38647
36286
31508
30211
24707
21400
21487
36910
38752
20449
23625
32651
40613
37196
38889
38745
36133
36771
30489
38179
40839
29609
22365
27310
24344
21889
37555
37994
32346
23338
30743
39618
24688
32946
38392
26693
31562
39726
26223
34838
30744
30284
32750
40501
32943
28197
27733
30623
40720
34691
29796
28815
34893
31411
20073
40107
24665
22682
34974
24006
37544
28156
38657
29499
33194
22789
32425
34916
28707
40289
39634
24289
28151
33805
40163
29614
20821
40522
38698
39730
36372
34769
24515
32555
22099
39385
34886
23397
30328
38543
30522
27699
32700
36235
39166
29125
30106
28725
23870
38039
27358
31478
21192
34692
36150
36725
21331
22872
22531
34632
22778
28009
25000
36163
38113
28408
40124
35477
31809
36861
35856
23233
32724
36790
35574
37252
20510
33761
20924
32476
25856
30606
25448
30219
28185
33631
20009
30136
25479
32819
24418
33994
20918
21531
38345
24338
23506
40148
25871
28905
21619
30597
28814
32454
40518
25054
33905
28425
28997
35946
32921
27694
38506
28325
21449
31775
33607
25516
20233
27493
38052
23705
22256
40123
37382
24125
33997
33757
29270
40180
35786
28867
27988
30112
23714
21086
29356
37857
24314
32602
37158
31349
23460
31902
23013
29157
36986
30702
31901
29378
29623
23682
38101
22240
27387
23745
36493
36310
34338
33033
22857
36857
40514
23616
37575
30496
22626
33688
35427
22271
26431
32737
28961
27706
27735
35506
28126
31650
19979
20540
32027
20517
38600
24392
29240
27051
22887
36866
38579
27142
22818
39311
38451
30244
26167
36205
27334
40786
30256
21959
32058
21098
34583
33004
27160
23633
30059
22564
28467
21353
34811
21658
26231
32530
20340
28666
34683
33551
38317
28063
35777
27672
29033
38518
20140
20221
25912
33759
21466
35109
21803
30732
34552
23418
30347
38164
36639
24273
24947
25720
40009
30260
24908
35357
27015
31405
26963
22070
38246
25193
32624
30384
24614
28962
21277
32457
24529
24674
26885
32412
35115
20272
32954
40523
30151
36884
36132
24698
24405
35676
24577
23401
24578
33769
31377
22511
20491
33596
32305
23089
31943
40677
24528
28703
32449
31637
28372
31661
23421
23424
25794
20309
20024
32834
30004
25494
36834
20348
27067
32923
38418
24433
33639
24758
33510
31716
24422
21654
20489
26791
31532
25378
35009
36070
32578
32163
39269
26070
33897
25694
29246
38384
37096
30789
22274
21603
31766
29261
36793
37048
36259
39134
35822
35436
38181
27974
36271
39535
24076
27171
24691
31941
27371
22828
21202
24084
21766
29920
34766
21702
28975
22665
38026
21869
21312
23591
27354
20161
33796
32265
33382
36319
35552
22434
33807
21683
22418
20361
37291
27237
40700
36033
38859
32186
39579
28020
37530
22076
32016
26480
20897
39276
25715
34719
22282
23715
28072
34527
30475
31614
21253
38917
31737
33228
28340
23449
40386
33683
40550
29084
21414
34126
21433
35413
20062
25542
26057
32023
28461
30239
21017
25892
23490
37606
33777
30296
29934
32479
31998
36182
26326
32677
25472
20396
24858
21673
38218
28949
21898
24398
20818
20200
35282
30970
23304
24020
28966
33452
35098
32915
21712
29908
24043
38138
22330
32532
35103
34256
24308
21333
37794
20317
24037
30695
34880
28338
35201
23938
39178
38660
31406
21294
25384
32983
29599
30313
36558
38610
32482
35238
29922
26248
40836
27954
29313
21951
33932
20195
31975
29469
37024
37496
29722
40114
24034
37335
37846
22697
22829
24420
22497
29113
39080
30798
22870
36978
30001
35845
31383
32066
20936
25976
38477
27711
37336
33487
20398
21681
20164
34431
36564
36571
33775
24457
26377
30410
27198
26594
35910
31503
26694
33979
22276
20392
33147
39564
38431
35569
31889
20559
31378
31211
36748
21717
30326
26911
24863
24258
21820
26308
31697
36649
22129
27605
20419
32327
27774
25753
22250
27827
20667
37030
35857
40485
33021
22228
30344
36211
25197
25017
22475
36066
29273
34416
22807
21410
27626
34484
21149
33496
22039
36255
31330
34425
28034
22869
22195
40077
38159
25454
36305
38685
40212
35330
31530
27688
32461
37049
23542
22609
24339
38538
29706
31655
27916
38066
38718
25142
29358
36264
21714
33105
25923
35373
27264
27996
22992
25290
35696
31944
20442
21807
32381
34907
37044
39187
24288
32648
23627
22063
31459
26827
36628
28583
33178
31779
30552
23577
21544
37200
26512
23090
33441
37237
28170
38495
23459
26102
21560
33585
27975
38242
22488
39121
40784
23632
37707
30058
26893
25463
33733
39967
24976
28632
25334
30765
25924
40201
30128
32728
20932
38235
33862
24700
39044
29301
22809
23387
36781
22725
26464
22925
22880
24895
33644
35758
25947
37036
39486
38391
32584
33544
25769
34623
21799
26533
38801
38165
32939
25212
27576
35261
20004
27905
31946
23555
21539
32843
33965
26666
37941
38204
36960
21320
27208
32568
26674
22064
25899
35731
23565
25466
21413
23260
30684
31329
39333
31491
34749
39467
36119
26426
33449
22871
38514
38552
28893
40487
35770
38192
21945
30900
26086
37246
25908
20997
28550
29582
38376
32692
20022
20130
28310
27807
38229
31295
29231
21355
30531
26505
28889
21834
39100
23548
25909
22750
21627
24247
29152
29978
24471
35474
31296
23692
35489
26144
35775
35488
29863
21525
39076
28227
22150
36513
22105
21247
32835
33349
26366
38799
20335
33820
24450
35462
28689
28259
25195
20551
35452
38208
20454
31717
24618
14197
28337
33068
26742
37232
28196
39242
22285
24171
35759
32564
37431
26395
15499
23207
31811
21477
25153
25041
19987
29462
36729
27410
39091
13324
33399
37025
39478
35745
36479
30362
22308
23039
25711
26990
38357
28270
27572
21937
36575
37636
28415
30981
28699
20906
26369
25862
24554
21332
37239
40727
22208
25299
39912
24970
26633
25314
29518
19968
22777
38549
21117
33678
36160
32822
24180
39583
38401
35778
38378
35744
27176
35799
27603
22855
27492
28635
38264
34638
27546
35553
31446
39000
33242
39731
21527
33674
35042
23386
22013
32301
32622
36851
36752
33931
35494
32302
32094
33760
29081
40548
26114
31657
26031
19969
21426
24884
11904
35387
33981
31392
35465
25665
28843
28165
30123
21460
29566
23613
23381
20189
25792
32445
31104
31499
35390
32377
21972
32562
36158
35519
38747
31035
33682
20502
25238
22238
25527
37666
26238
25318
26053
29323
38024
34930
21549
35875
27088
26052
25424
39241
27852
32960
24421
36368
31681
40507
28497
39231
32423
32844
20917
19983
22484
33460
29384
28911
33454
29575
35565
31153
32780
30249
21121
22368
29309
24203
31258
24917
29148
31245
21584
26214
30629
39038
21495
36176
31114
32102
28393
35481
33889
27957
21990
22686
30778
38168
24616
35585
32174
29611
21006
24378
36317
32340
20512
38887
21508
39563
31658
26869
22103
29648
23114
38209
22509
26263
28422
28858
27676
30589
25668
39526
38281
25534
36980
26653
22104
33940
20339
40200
28595
36140
25995
40718
34999
24439
30207
31152
24447
29544
28182
26969
32879
32903
32232
40818
30334
33927
32039
20556
33009
36214
25822
39606
26611
31423
35773
33258
22316
34122
21759
26839
32540
29470
28800
30095
20278
36674
38673
26579
24027
26097
29493
36721
25127
29326
32477
21884
28291
21162
23264
37234
31163
27211
25304
25112
25225
23189
20457
34789
28892
30417
35556
38499
20607
25172
28845
36001
21703
30279
32610
26039
39212
21684
31365
27969
20725
30748
26331
24817
21286
32000
20872
25747
36249
32315
34468
20539
25600
30524
25285
33446
38223
24275
33522
30563
36262
34521
38459
27673
35788
27963
35911
36635
33519
27795
22788
20937
39409
34555
24319
26202
31206
20786
39533
22057
22930
34989
32446
40004
21579
39575
32526
24760
25084
25311
30240
34548
36084
40655
32236
40151
23810
22534
40138
27189
34684
33980
35468
28335
37509
34162
38307
34481
38331
21653
38130
38290
23138
35926
31570
23075
37290
36845
30385
34451
31028
33330
34915
20379
22825
21969
37390
32506
22962
21590
27637
36974
35377
23433
28822
38516
20064
40442
25949
35753
31718
38553
31229
33173
26021
27216
35079
28041
36115
37770
38058
22949
30742
38551
25371
34414
22290
35824
31644
20266
39717
20127
25391
38382
26709
26391
24642
39035
28316
35347
24067
29465
39610
36420
20919
33586
22387
22204
31066
39739
25620
28103
40078
21361
39298
32115
26477
35070
36427
39171
35126
35316
32203
26174
32563
26723
22426
29989
33219
34021
21895
34562
38231
29649
25883
27075
24501
37190
20008
28601
39015
27298
20474
33096
30043
28805
35981
36873
26440
32858
33967
24404
40165
21767
26001
33335
31934
24182
34480
20629
21111
39069
38079
29031
38851
26786
38804
35029
35894
29664
33108
23611
28203
31852
20150
26989
32645
29824
37109
34672
40649
22313
32908
33253
38899
32033
29969
39534
38608
28504
36449
31660
29377
27744
31860
34269
24787
27899
29107
25119
38346
32428
23662
26012
38712
25852
21491
20054
34917
31213
26482
33637
20538
37230
29159
29996
28820
20291
30826
22190
28113
21049
29213
20240
27859
27207
37165
21987
20804
38245
33476
24524
36393
21724
28418
23596
35463
29138
39318
27565
22094
35582
26022
24773
34467
31108
34253
32902
38995
29311
27454
22127
33495
29109
20367
20939
39559
26311
40668
40132
35801
40584
35186
36816
21066
26407
29200
27965
21634
26234
32735
27442
13534
38228
22005
23466
24124
22558
26060
37026
39719
34280
20472
27695
36718
24608
37112
29872
38654
31993
38364
29712
29239
26564
36992
35776
29266
20908
38054
37238
31854
23451
38348
37202
30751
28656
40510
25793
29840
38166
38050
32166
20717
33445
25771
24217
32512
39662
26704
23495
39539
21507
39118
25275
30733
26825
36245
40852
25335
29831
36935
38613
24542
40653
22787
37295
35354
20312
40110
30321
32509
31742
24215
25405
30206
26009
38632
36893
25913
25346
36911
38186
25730
30153
36342
31368
37470
39062
36126
20304
32769
33655
40096
26469
21891
38291
21698
31992
21514
31964
28125
39033
27447
34707
29988
29330
34093
31263
38344
32626
35178
39135
26812
21543
34659
22821
25044
25206
21890
21180
39571
20215
31143
35920
19978
26590
38876
30938
38180
24747
38774
33645
37350
40182
31063
32593
37000
20350
26639
22794
26283
24615
22533
40831
26725
34523
23559
24323
21254
25111
26205
29473
22466
30472
32498
36786
27402
20286
26063
31986
30090
24716
33900
32654
21822
40140
38772
20425
28402
38544
36865
28071
26353
39252
35886
26708
28359
35827
20021
35466
33439
24291
34760
29641
23481
34686
25370
29118
25788
21999
32032
22530
21948
27280
39148
20498
19972
22234
30097
36846
37325
21649
27438
21014
30447
33976
29536
38032
22092
32771
38423
32546
25764
22739
21193
30148
30616
36497
27691
33816
32996
38429
30319
38664
37628
35863
27877
26853
22279
24453
25484
37054
37749
35168
26604
22436
25586
21028
34479
32406
33213
33493
21811
25308
40113
20760
35023
33195
40772
31807
25550
21938
23443
25549
24488
27512
28074
31656
26115
24093
21927
28629
25161
27702
26103
35992
24072
31840
37199
28140
36600
37312
31398
28304
34770
40158
28459
33592
21497
32829
31580
32800
22823
40258
33548
20262
38170
21949
33828
26448
30361
30224
37438
30446
39406
24254
21024
40474
36753
25288
37253
37041
22060
27071
22521
36734
36300
27814
23697
32114
27085
21330
26178
34619
34402
37218
40327
18036
23915
21621
20885
26252
35386
28460
27719
34633
30679
24460
23000
34945
20399
40745
22707
24495
26438
40605
29669
32519
23522
38109
40644
37122
26384
34746
23427
28382
20181
31598
33162
21860
21647
26054
40213
25723
37518
20462
31584
21585
21340
35037
27053
36894
40864
30142
32521
23654
22756
35586
40306
28810
28670
32147
36463
33286
34511
24974
24653
27679
26727
37101
35866
30408
31313
34532
37672
32474
20276
26246
30465
37341
32956
27788
32078
34609
33010
31207
21324
25876
23674
20311
24202
20191
25518
37576
39585
21916
25786
37297
38198
34071
35522
33040
26412
23016
32566
21576
20647
23884
28271
36433
26621
32930
36481
32013
35831
37670
30165
35352
24871
37034
34670
31729
23234
38408
21623
29316
21161
33252
33041
24756
20342
33014
28174
29940
24833
31166
37675
39074
36143
30339
21246
34645
40198
38149
25105
39773
27054
34590
27183
34756
25116
21232
25605
26297
39025
21737
35815
22786
23487
26247
26775
30092
22934
26149
30626
22114
38928
22863
33410
20670
33884
35853
25944
21102
25885
34230
31983
39545
36413
25918
25375
24696
25736
36452
30357
26638
37070
26417
21958
27867
29364
32966
36068
40671
24887
21485
21992
21034
20658
21133
25578
21854
30278
22622
37241
21314
24307
25260
35158
34453
21563
23814
26196
30937
22025
28238
27567
38596
33524
34913
27891
36141
37207
38476
29859
40304
23733
31431
26273
38585
36938
33638
22231
20792
29060
23830
30183
21256
27654
31909
34384
26432
27146
35868
28073
32673
22253
40766
30889
40109
34308
26155
38463
35998
20249
38206
24815
26894
33323
32452
40799
34169
31659
20542
26367
35275
27017
36495
26119
20588
33324
26446
33450
33444
22575
23019
38104
20989
20034
35486
33473
20822
38598
35461
25490
30645
25419
35211
30303
33907
30180
21310
36216
24609
38829
21863
33114
30759
31216
31699
23346
24676
20153
29298
25627
20653
36941
33798
27422
23601
32503
24413
21335
33187
25582
22493
30600
33686
22241
32791
32418
39811
39108
30423
31095
31048
38690
33901
25159
22319
22577
20820
38069
26029
31087
32804
39683
36137
22909
32784
38111
26483
30699
40346
39057
31808
21535
22352
37222
21067
34476
36879
29924
33545
23518
33149
36650
20146
40679
19977
36277
40821
24018
39740
33503
38147
25929
27860
21602
28457
38078
20794
38260
38576
34357
20879
24229
21638
29980
30872
39791
21571
21127
36867
40680
28687
35591
33193
20308
35198
36848
39136
31800
32004
19993
20391
27307
22446
25774
31252
27426
35440
26378
35613